Time: 0.5896420478820801s
Acc: 0.6458333333333334
