Time: 2.5064704418182373s
Acc: 0.8416666666666667
