Time: 60.22216749191284s
Acc: 0.9966666666666667
