Time: 15.841112613677979s
Acc: 0.7233333333333334
