Time: 53.52481484413147s
Acc: 0.8066666666666666
