Time: 13.973469257354736s
Acc: 0.9933333333333333
