Time: 26.893410444259644s
Acc: 0.7433333333333333
