Time: 19.340372562408447s
Acc: 0.8820375335120644
