Time: 2.812781810760498s
Acc: 0.8096514745308311
