Time: 15.628945350646973s
Acc: 0.8445040214477212
