Time: 6.088177680969238s
Acc: 0.9865951742627346
