Time: 3.204442262649536s
Acc: 0.8552278820375335
