Time: 0.9279563426971436s
Acc: 0.9604685212298683
