Time: 1.532158374786377s
Acc: 0.9604685212298683
