Time: 2.667562961578369s
Acc: 0.9604685212298683
