Time: 37.74938941001892s
Acc: 0.34294871794871795
