Time: 17.935285806655884s
Acc: 0.3814102564102564
