Time: 18.19468665122986s
Acc: 0.3717948717948718
