Time: 68.25608420372009s
Acc: 0.8515228426395939
