Time: 28.813299894332886s
Acc: 0.8236040609137056
