Time: 63.54177403450012s
Acc: 0.868020304568528
