Time: 53.954671144485474s
Acc: 0.9961928934010152
