Time: 23.29735565185547s
Acc: 0.8223350253807107
