Time: 9.032427787780762s
Acc: 0.8330893118594437
