Time: 5.277328252792358s
Acc: 0.6925329428989752
