Time: 7.909401893615723s
Acc: 0.8872620790629575
