Time: 8.021461009979248s
Acc: 0.6515373352855052
