Time: 8.895237922668457s
Acc: 0.9238653001464129
