Time: 483.80050253868103s
Acc: 0.9361290322580645
