Time: 472.2441828250885s
Acc: 0.2625806451612903
