Time: 339.27923798561096s
Acc: 0.8258064516129032
