Time: 346.9382610321045s
Acc: 0.7612903225806451
