Time: 485.9504449367523s
Acc: 0.9516129032258065
