Time: 4.939082384109497s
Acc: 0.7935578330893118
