Time: 23.373765468597412s
Acc: 0.7935578330893118
