Time: 10.484178066253662s
Acc: 0.7862371888726208
