Time: 11.613807439804077s
Acc: 0.5490483162518301
