Time: 14.421738624572754s
Acc: 0.5490483162518301
