Time: 16.049965620040894s
Acc: 0.5490483162518301
