Time: 9.92221999168396s
Acc: 0.5490483162518301
