Time: 13.769630193710327s
Acc: 0.8682284040995608
