Time: 46.118781328201294s
Acc: 0.6992481203007519
