Time: 3.770533323287964s
Acc: 0.7418546365914787
