Time: 30.956504821777344s
Acc: 0.849624060150376
