Time: 32.31382608413696s
Acc: 0.8621553884711779
