Time: 2.5444462299346924s
Acc: 0.6591478696741855
